2
37
192 307
182 297
179 278
191 256
209 247
520 249
554 242
578 222
590 198
592 179
850 180
849 235
759 236
737 240
737 241
711 258
696 289
696 467
708 492
730 511
760 519
811 520
813 573
207 575
206 575
188 564
182 548
188 523
202 510
220 508
265 493
294 466
310 428
303 377
276 337
243 318
209 314
59
206 184
527 182
532 158
544 138
564 121
590 114
846 113
868 117
888 127
903 145
911 168
913 244
904 267
890 284
889 284
865 297
842 299
760 302
761 453
820 457
845 466
862 479
876 508
876 587
870 606
856 621
834 635
815 640
202 638
201 638
183 635
162 627
139 605
129 588
120 569
117 551
119 523
128 496
144 473
163 458
185 447
213 444
232 438
242 426
245 414
244 403
240 394
232 386
222 380
205 378
183 372
163 363
141 348
127 326
118 300
117 268
130 234
151 207
182 189
