1
74
684 134
1101 133
1105 138
1107 150
1106 205
1100 208
957 209
941 211
924 212
911 218
893 226
880 235
867 247
856 266
850 291
850 497
857 517
865 529
874 540
891 553
910 562
933 569
965 571
1044 575
1044 640
248 643
248 642
228 641
217 634
217 633
207 626
199 616
196 600
199 584
208 571
221 562
242 557
273 556
288 553
289 553
310 546
337 537
357 525
373 511
386 494
401 473
406 449
408 419
403 400
388 374
374 357
359 342
340 330
318 322
294 314
272 309
251 309
235 308
217 300
205 291
197 280
194 265
199 252
208 240
217 231
229 226
249 224
574 224
600 221
625 214
646 201
663 188
674 170
681 147
