163
389 290 10 0 0 0 0
426 285 10 0 0 0 0
462 282 10 0 0 0 0
494 281 10 0 0 0 0
523 283 10 0 0 0 0
551 282 10 0 0 0 0
585 279 10 0 0 0 0
617 279 10 0 0 0 0
651 278 10 0 0 0 0
687 278 10 0 0 0 0
720 280 10 0 0 0 0
758 279 10 0 0 0 0
794 290 10 0 0 0 0
824 310 10 0 0 0 0
851 334 10 0 0 0 0
880 341 10 0 0 0 0
870 361 10 0 0 0 0
879 397 10 0 0 0 0
880 430 10 0 0 0 0
880 464 10 0 0 0 0
878 499 10 0 0 0 0
875 534 10 0 0 0 0
867 574 10 0 0 0 0
885 575 10 0 0 0 0
895 594 10 0 0 0 0
930 593 10 0 0 0 0
964 593 10 0 0 0 0
998 592 10 0 0 0 0
1034 593 10 0 0 0 0
854 596 10 0 0 0 0
836 596 10 0 0 0 0
801 605 10 0 0 0 0
756 613 10 0 0 0 0
710 613 10 0 0 0 0
672 610 10 0 0 0 0
629 610 10 0 0 0 0
579 612 10 0 0 0 0
535 613 10 0 0 0 0
488 612 10 0 0 0 0
447 610 10 0 0 0 0
405 614 10 0 0 0 0
363 612 10 0 0 0 0
323 612 10 0 0 0 0
284 615 10 0 0 0 0
247 610 10 0 0 0 0
206 611 10 0 0 0 0
167 613 10 0 0 0 0
135 612 10 0 0 0 0
311 458 10 0 0 0 0
362 459 10 0 0 0 0
403 460 10 0 0 0 0
447 460 10 0 0 0 0
501 460 10 0 0 0 0
541 461 10 0 0 0 0
582 460 10 0 0 0 0
628 457 10 0 0 0 0
670 461 10 0 0 0 0
711 458 10 0 0 0 0
905 338 10 0 0 0 0
923 303 10 0 0 0 0
951 272 10 0 0 0 0
982 252 10 0 0 0 0
1012 239 10 0 0 0 0
1161 342 10 0 0 0 0
1130 372 10 0 0 0 0
1095 383 10 0 0 0 0
1061 384 10 0 0 0 0
1145 404 10 0 0 0 0
1169 430 10 0 0 0 0
1248 401 10 0 0 0 0
1264 377 10 0 0 0 0
1250 358 10 0 0 0 0
1238 320 10 0 0 0 0
1262 301 10 0 0 0 0
1248 275 10 0 0 0 0
1238 239 10 0 0 0 0
1260 240 10 0 0 0 0
1247 195 10 0 0 0 0
1245 156 10 0 0 0 0
1243 114 10 0 0 0 0
1233 93 10 0 0 0 0
1221 76 10 0 0 0 0
1261 55 10 0 0 0 0
1235 28 10 0 0 0 0
1203 43 10 0 0 0 0
1196 9 10 0 0 0 0
1166 28 10 0 0 0 0
1148 12 10 0 0 0 0
1126 19 10 0 0 0 0
1089 14 10 0 0 0 0
1053 14 10 0 0 0 0
1015 12 10 0 0 0 0
983 19 10 0 0 0 0
946 12 10 0 0 0 0
915 19 10 0 0 0 0
880 14 10 0 0 0 0
847 17 10 0 0 0 0
810 15 10 0 0 0 0
778 16 10 0 0 0 0
749 12 10 0 0 0 0
718 16 10 0 0 0 0
691 15 10 0 0 0 0
655 16 10 0 0 0 0
645 5 10 0 0 0 0
608 13 10 0 0 0 0
576 19 10 0 0 0 0
544 12 10 0 0 0 0
513 6 10 0 0 0 0
489 7 10 0 0 0 0
465 11 10 0 0 0 0
432 12 10 0 0 0 0
416 1 10 0 0 0 0
402 15 10 0 0 0 0
368 12 10 0 0 0 0
334 10 10 0 0 0 0
302 16 10 0 0 0 0
285 5 10 0 0 0 0
268 16 10 0 0 0 0
236 16 10 0 0 0 0
204 15 10 0 0 0 0
168 18 10 0 0 0 0
153 1 10 0 0 0 0
137 16 10 0 0 0 0
100 18 10 0 0 0 0
65 19 10 0 0 0 0
49 39 10 0 0 0 0
31 26 10 0 0 0 0
12 14 10 0 0 0 0
30 51 10 0 0 0 0
15 60 10 0 0 0 0
22 82 10 0 0 0 0
22 117 10 0 0 0 0
12 138 10 0 0 0 0
23 144 10 0 0 0 0
21 178 10 0 0 0 0
23 214 10 0 0 0 0
18 241 10 0 0 0 0
13 259 10 0 0 0 0
16 281 10 0 0 0 0
26 304 10 0 0 0 0
16 325 10 0 0 0 0
19 355 10 0 0 0 0
20 386 10 0 0 0 0
12 409 10 0 0 0 0
18 421 10 0 0 0 0
22 455 10 0 0 0 0
19 494 10 0 0 0 0
16 529 10 0 0 0 0
15 561 10 0 0 0 0
14 594 10 0 0 0 0
15 625 10 0 0 0 0
12 654 10 0 0 0 0
12 685 10 0 0 0 0
1248 433 10 0 0 0 0
1257 456 10 0 0 0 0
1249 491 10 0 0 0 0
1257 517 10 0 0 0 0
1259 542 10 0 0 0 0
1248 578 10 0 0 0 0
1250 616 10 0 0 0 0
1256 646 10 0 0 0 0
1244 678 10 0 0 0 0
1265 681 10 0 0 0 0
