2
35
248 302
248 296
249 288
252 276
258 265
266 254
274 246
283 240
295 234
306 230
953 230
967 234
978 239
987 245
996 255
1004 267
1010 281
1014 301
1013 492
1013 509
1007 522
1001 535
991 548
978 557
977 557
963 563
950 565
311 566
297 563
282 556
271 547
260 534
253 520
249 502
249 309
53
121 279
124 262
127 244
136 223
151 194
170 169
199 140
222 126
240 118
256 111
273 107
290 103
309 102
945 102
964 101
995 108
1018 115
1033 121
1052 133
1070 145
1083 157
1097 173
1111 190
1123 210
1132 236
1139 263
1143 300
1142 505
1138 533
1132 559
1124 579
1111 602
1103 617
1093 627
1077 644
1056 661
1034 674
1034 675
1005 686
975 693
960 694
299 694
278 690
250 684
229 676
204 659
185 644
167 626
148 599
136 576
125 544
121 520
121 285